1574517517
62643815
5295785214
1452760967
307445929
1461317000
1875362791
330109855
1903309419
337596945
1362157200
2956799905
2847659580
4794887762
1566554222
4583262123
4145700959
4083755125
968729601
2753515266
4721516771
5432247393
3449721202
3252745398
4123400544
3481608588
2322443042
2846749104
1514858872
337596945
4832540847
1461317000
3482170607
306282027
2967308745
4500522671
2560197916
360130787
4454302424
4551678735
1722677034
6012072355
543781850
3354048073
6023674647
960055902
4664466802
3451994032
1514858872
4763379765
3555824768
403845686
3423266712
5743529672
4506393144
2642786173
481969
1152511505
5342720575
3408200536
726841714
231038621
2526498113
1566708195
35740984
5628843580
1747214164
4601748631
3635070134
166611392
4906030499
3562483956
1790979591
3167133536
645309263
